%YAML:1.0
vocabulary:
   k: 10
   L: 6
   scoringType: 0
   weightingType: 0
   nodes:
      - { nodeId:1, parentId:0, weight:0.,
          descriptor:"252 188 188 242 169 109 85 143 187 191 164 25 222 255 72 27 129 215 237 16 58 111 219 51 219 211 85 127 192 112 134 34 " }
      - { nodeId:2, parentId:0, weight:0.,
          descriptor:"93 125 221 103 180 14 111 184 112 234 255 76 215 115 153 115 22 196 124 110 233 240 249 46 237 239 101 20 104 243 66 33 " }
      - { nodeId:3, parentId:0, weight:0.,
          descriptor:"58 185 58 250 93 221 82 239 143 13 252 9 46 221 102 16 200 187 215 80 78 43 250 245 251 221 0 123 83 14 238 202 " }
      - { nodeId:4, parentId:0, weight:0.,
          descriptor:"193 156 191 245 160 238 61 55 190 251 86 116 253 55 128 123 167 119 127 8 177 220 179 103 205 255 126 192 136 192 129 121 " }
      - { nodeId:5, parentId:0, weight:0.,
          descriptor:"61 101 105 111 84 95 79 248 85 224 253 10 83 89 157 48 88 204 22 234 201 178 125 190 119 205 165 52 119 187 82 224 " }
      - { nodeId:6, parentId:0, weight:0.,
          descriptor:"10 188 178 154 255 245 184 199 159 95 92 183 172 254 102 204 239 59 191 145 182 75 178 243 31 87 158 235 150 76 173 223 " }
      - { nodeId:7, parentId:0, weight:0.,
          descriptor:"27 223 99 205 118 146 239 117 93 72 94 230 121 206 182 100 126 171 23 237 197 184 37 255 54 109 170 128 63 142 113 253 " }
      - { nodeId:8, parentId:0, weight:0.,
          descriptor:"222 95 254 254 47 86 127 248 189 206 214 167 111 255 55 83 254 245 255 231 236 199 171 238 243 251 239 147 39 247 45 83 " }
      - { nodeId:9, parentId:0, weight:0.,
          descriptor:"111 180 240 83 253 127 254 218 123 255 61 60 202 252 223 190 159 206 247 30 183 114 255 242 63 95 85 255 199 255 222 247 " }
      - { nodeId:10, parentId:0, weight:0.,
          descriptor:"2 205 6 159 220 131 174 239 30 1 218 2 224 234 48 64 121 235 59 193 114 187 11 255 60 38 143 64 21 90 177 136 " }
   words:
      - { wordId:0, nodeId:51 }
      - { wordId:1, nodeId:52 }
      - { wordId:2, nodeId:53 }
      - { wordId:3, nodeId:54 }
      - { wordId:4, nodeId:55 }
      - { wordId:5, nodeId:56 }
      - { wordId:6, nodeId:57 }
      - { wordId:7, nodeId:58 }
      - { wordId:8, nodeId:59 }
      - { wordId:9, nodeId:60 }
      - { wordId:10, nodeId:61 }
